-1.560357044581464625e-01
-2.741782536003874865e-02
3.801569164530295419e-02
-2.934505646853681829e-02
-1.274268349756580709e-01
-7.808836969797210148e-02
2.559882624019328354e-02
1.769587581414976130e-01
-8.553400702257328569e-02
1.644845955227047241e-01
1.240374634468696668e-01
5.799620486261929109e-02
1.844095700912366798e-02
1.910174423296881474e-01
-2.849863878917459070e-01
6.597389319587027012e-02
1.004276344067279170e-01
-4.643893444667514248e-02
8.017026137931759777e-02
-8.358185950199077674e-02
-1.239035368294863354e-01
1.356238643609430083e-01
1.753094362200125489e-01
-1.674322707774399122e-02
7.398763750511709592e-02
-9.574214106354139719e-02
-9.162276288454676565e-02
1.627213412967435172e-02
-1.085012983078111060e-02
3.045841832312001091e-02
-5.297431928807944113e-02
1.036263657225550555e-01
-8.949197656672765178e-02
9.566784850498585846e-02
1.870014240375316925e-02
-2.682934255593369052e-02
-5.523994122781757804e-03
-2.098263112443992939e-01
-1.846892523185018342e-01
-2.318031807518476095e-01
1.360543892792941412e-01
-2.012402203027996994e-01
1.200961872667010433e-01
-6.404568153980103040e-02
4.603449395239926634e-02
-2.438359085223776659e-02
1.118476143474039647e-01
5.513865526322932198e-02
-1.185550492420822527e-01
2.422155985197377015e-01
2.534400811858760205e-01
-1.574900701258196561e-02
-1.512778393839127600e-01
-5.417553156838985501e-02
2.574443842535591442e-01
1.038397432348117516e-01
-8.929089769702446000e-02
-3.427179125224199541e-01
-2.224832252550611872e-02
-1.820910397762528776e-01
6.649267976040118544e-02
-2.289224435136283653e-01
1.055455788778428966e-01
7.877920635594992671e-02
-2.441311730078137704e-02
2.993226289612167454e-02
5.105805055110012453e-02
-7.191662778900981268e-02
-2.933007466927591705e-02
2.557243357969136155e-01
-1.591527693522022946e-01
3.413723835213276075e-02
-1.349058552469896699e-01
1.404664826530788169e-01
-4.268236035511368404e-02
8.620088181795630689e-02
-1.543120334923400554e-02
1.000000000000000000e+00
-3.552397665139038485e-02
9.078775961869545164e-02
-1.803073519836244920e-01
4.680530068216284811e-02
1.056074602538698871e-02
-1.074104976100647285e-01
-1.589742259412547654e-01
-9.131459431724010811e-02
1.344203594752381714e-01
6.830844917776825176e-02
-2.950218639647821384e-01
1.330631063046306961e-01
4.708512852213636579e-02
-1.147680774753102872e-02
-4.019100191864973665e-02
9.750724336466028153e-02
1.324994324739085516e-01
-2.073310646222691622e-01
7.493024369740278190e-02
1.209702893771310017e-01
4.525540290427209483e-02
-8.519034003988075259e-04
5.925014602088466038e-03
-5.671068983221277948e-02
1.501453623459863829e-01
2.761302743448806885e-01
6.562118499823717255e-02
2.669200788797271035e-03
7.724163844369406895e-02
7.477358040015531782e-02
-1.212248021638521606e-01
7.324769826534199835e-02
1.341152361383300962e-01
6.094652875533092956e-02
-2.250339465333263678e-01
-1.859819497331536009e-01
-1.204638632196353976e-01
2.417681961042724426e-01
-1.424089492867093854e-01
5.436186187495017225e-02
1.404828204670905967e-01
-1.801157371525282866e-02
-2.332675400072691252e-01
-2.264133222911040300e-01
8.111444317537652715e-02
3.631732429355077896e-01
-5.327394602222710121e-03
-1.842799972329285663e-01
-1.135072667200179991e-01
-1.265911836201042140e-01
1.593338607129752282e-01
1.479713098014389661e-01
-2.097189262726535941e-01
3.473396166745930658e-01
