-3.423318895657147948e-02
1.978613081504507210e-01
1.372660972151173997e-01
1.934067542433081099e-01
1.340030833263630428e-01
-9.070464603043731922e-02
5.423833671403332363e-02
1.302783655389880557e-01
-1.157226600267175914e-01
1.659600163917880067e-01
9.205837330960457698e-02
-1.602906952070816959e-01
-2.743829170049410029e-02
-1.565667232716700663e-01
-3.123450441971594715e-01
-1.199400292602280232e-01
-2.323857822595016415e-02
1.059166421084262871e-01
3.775811068775459384e-02
7.683838070384776953e-02
5.157233863991007167e-02
1.086298028058492599e-01
9.041493626085048141e-02
-9.727529682798387312e-02
-6.765122342151182189e-02
-7.850029453853157868e-02
1.778586799233476332e-02
-1.177368535659825549e-01
-6.709069625815021476e-02
-1.124060624649242529e-01
-8.059632249818393657e-02
7.537337832679996685e-02
-1.497294318578386574e-01
-1.144271966363107768e-01
1.688924218575725833e-01
-2.357313931643381100e-01
-1.870559285738715438e-01
-2.556040466602394270e-02
-8.339996626819727588e-02
-3.032503291648527832e-01
-6.629122767731351895e-02
1.255728788844671373e-01
-1.451810761644029002e-01
-5.549903499363617598e-02
-7.624837415832967646e-02
1.757217261510508333e-01
5.203688338173600297e-02
2.216629675326364235e-01
1.130251804458527604e-01
-1.050396189514672257e-01
-1.471585067006475900e-01
-8.497374689619933974e-02
1.009421915138710296e-01
2.850441712493269608e-01
9.228969745285725557e-02
1.133571666171788173e-01
1.624853246938704754e-01
-3.544158367935505011e-02
-8.175005220425081431e-02
-8.623240732998550817e-02
-6.568029875394343353e-02
-7.264372121265409883e-03
-1.258098750512586135e-02
-3.962189412681145495e-02
-1.193202832834598798e-01
-1.490807003183288182e-01
3.525577341829161122e-03
5.276552171916190637e-02
3.892228253978369940e-02
8.678829634230132706e-02
2.004724852751356423e-01
-2.413671664597789590e-01
-7.101169806332111034e-02
1.142674907415204832e-01
-1.027994531428872427e-01
-6.020650405319253468e-02
2.841486426163595397e-02
1.000000000000000000e+00
-3.634593655126210909e-01
1.739787779795034794e-01
-2.860359002581542437e-02
2.528882116250636969e-01
-2.927379039280188569e-02
1.696106037992462512e-01
-6.921360979559680604e-02
4.012855610468751139e-02
-1.477161908973430304e-01
2.328516641289443967e-01
-1.262533565528212165e-01
-1.951961635690636909e-01
3.964110284181318056e-01
-1.181667569640358108e-02
6.164009420386871302e-02
-1.447816846498349852e-01
7.606808578844337365e-02
-1.315117212446956924e-03
-2.005671483348897902e-02
1.822596260332724205e-01
-1.060224397431424118e-02
-8.549549239620814201e-02
-8.493154914122470756e-02
3.086917171632879570e-02
-2.200745161932749216e-01
3.099153797609193184e-01
6.748483241261665766e-02
-1.865540258188183032e-01
1.006214347725882668e-01
1.510756897512923955e-02
-1.325450681534236230e-01
-7.835685771409171829e-02
-1.065438195784933900e-01
2.563311821230930265e-01
-3.921567677459919521e-02
-1.640270084970845144e-01
2.821755109863663402e-01
1.100014652738079135e-01
-2.344001489055506093e-01
-2.967720511434787309e-02
7.686543186187605459e-02
8.399170077595803988e-03
-2.290258490918878342e-01
-5.101867862468414255e-02
-4.073945868519301267e-02
-1.241468952859870346e-03
-2.222649218430474694e-01
-2.624787033250168822e-01
1.366860108309684851e-01
-1.759549032702262955e-02
2.369418100112233028e-01
-1.663803283049354043e-01
-2.543147559847635519e-01
-3.343376818823090568e-02
