NDD NAS
9 24
lat lon depth strike dip area mu_GPa Mo_dyne_cm Mw
41.246899 144.857036 8.07 194 3 841.00 31.79 2.673539e+24 5.551391
41.315339 144.523522 9.71 194 4 841.00 31.79 2.673539e+24 5.551391
41.382646 144.190194 12.34 194 6 841.00 31.79 2.673539e+24 5.551391
41.448608 143.858074 16.35 194 10 841.00 43.43 3.652716e+24 5.641744
41.512957 143.528708 22.07 194 13 841.00 43.43 3.652716e+24 5.641744
41.575368 143.203929 29.69 194 17 841.00 43.43 3.652716e+24 5.641744
41.635539 142.885607 39.25 194 21 841.00 66.83 5.619982e+24 5.766490
41.693228 142.575323 50.71 194 25 841.00 66.83 5.619982e+24 5.766490
41.748324 142.274181 63.94 194 29 841.00 66.83 5.619982e+24 5.766490
40.995001 144.765932 8.07 194 3 841.00 31.79 2.673539e+24 5.551391
41.063161 144.433583 9.71 194 4 841.00 31.79 2.673539e+24 5.551391
41.130203 144.101429 12.34 194 6 841.00 31.79 2.673539e+24 5.551391
41.195918 143.770490 16.35 194 10 841.00 43.43 3.652716e+24 5.641744
41.260021 143.442305 22.07 194 13 841.00 43.43 3.652716e+24 5.641744
41.322198 143.118699 29.69 194 17 841.00 43.43 3.652716e+24 5.641744
41.382137 142.801537 39.25 194 21 841.00 66.83 5.619982e+24 5.766490
41.439625 142.492391 50.71 194 25 841.00 66.83 5.619982e+24 5.766490
41.494522 142.192374 63.94 194 29 841.00 66.83 5.619982e+24 5.766490
40.742999 144.675539 8.07 194 3 841.00 31.79 2.673539e+24 5.551391
40.810900 144.344355 9.71 194 4 841.00 31.79 2.673539e+24 5.551391
40.877682 144.013351 12.34 194 6 841.00 31.79 2.673539e+24 5.551391
40.943137 143.683592 16.35 194 10 841.00 43.43 3.652716e+24 5.641744
41.007007 143.356574 22.07 194 13 841.00 43.43 3.652716e+24 5.641744
41.068944 143.034130 29.69 194 17 841.00 43.43 3.652716e+24 5.641744
41.128673 142.718102 39.25 194 21 841.00 66.83 5.619982e+24 5.766490
41.185945 142.410093 50.71 194 25 841.00 66.83 5.619982e+24 5.766490
41.240649 142.111165 63.94 194 29 841.00 66.83 5.619982e+24 5.766490
40.490912 144.585856 8.07 194 3 841.00 31.79 2.673539e+24 5.551391
40.558549 144.255800 9.71 194 4 841.00 31.79 2.673539e+24 5.551391
40.625066 143.925959 12.34 194 6 841.00 31.79 2.673539e+24 5.551391
40.690284 143.597342 16.35 194 10 841.00 43.43 3.652716e+24 5.641744
40.753908 143.271480 22.07 194 13 841.00 43.43 3.652716e+24 5.641744
40.815627 142.950184 29.69 194 17 841.00 43.43 3.652716e+24 5.641744
40.875140 142.635301 39.25 194 21 841.00 66.83 5.619982e+24 5.766490
40.932210 142.328395 50.71 194 25 841.00 66.83 5.619982e+24 5.766490
40.986723 142.030554 63.94 194 29 841.00 66.83 5.619982e+24 5.766490
40.238724 144.496847 8.07 194 3 841.00 31.79 2.673539e+24 5.551391
40.306102 144.167920 9.71 194 4 841.00 31.79 2.673539e+24 5.551391
40.372377 143.839216 12.34 194 6 841.00 31.79 2.673539e+24 5.551391
40.437351 143.511754 16.35 194 10 841.00 43.43 3.652716e+24 5.641744
40.500742 143.187022 22.07 194 13 841.00 43.43 3.652716e+24 5.641744
40.562238 142.866861 29.69 194 17 841.00 43.43 3.652716e+24 5.641744
40.621532 142.553101 39.25 194 21 841.00 66.83 5.619982e+24 5.766490
40.678411 142.247295 50.71 194 25 841.00 66.83 5.619982e+24 5.766490
40.732738 141.950542 63.94 194 29 841.00 66.83 5.619982e+24 5.766490
39.986455 144.408512 8.07 194 3 841.00 31.79 2.673539e+24 5.551391
40.053578 144.080713 9.71 194 4 841.00 31.79 2.673539e+24 5.551391
40.119606 143.753122 12.34 194 6 841.00 31.79 2.673539e+24 5.551391
40.184332 143.426791 16.35 194 10 841.00 43.43 3.652716e+24 5.641744
40.247494 143.103201 22.07 194 13 841.00 43.43 3.652716e+24 5.641744
40.308771 142.784163 29.69 194 17 841.00 43.43 3.652716e+24 5.641744
40.367866 142.471500 39.25 194 21 841.00 66.83 5.619982e+24 5.766490
40.424542 142.166795 50.71 194 25 841.00 66.83 5.619982e+24 5.766490
40.478685 141.871094 63.94 194 29 841.00 66.83 5.619982e+24 5.766490
39.734097 144.320850 8.07 194 3 841.00 31.79 2.673539e+24 5.551391
39.800970 143.994143 9.71 194 4 841.00 31.79 2.673539e+24 5.551391
39.866745 143.667677 12.34 194 6 841.00 31.79 2.673539e+24 5.551391
39.931246 143.342452 16.35 194 10 841.00 43.43 3.652716e+24 5.641744
39.994183 143.019981 22.07 194 13 841.00 43.43 3.652716e+24 5.641744
40.055245 142.702054 29.69 194 17 841.00 43.43 3.652716e+24 5.641744
40.114137 142.390499 39.25 194 21 841.00 66.83 5.619982e+24 5.766490
40.170621 142.086859 50.71 194 25 841.00 66.83 5.619982e+24 5.766490
40.224584 141.792210 63.94 194 29 841.00 66.83 5.619982e+24 5.766490
39.481644 144.233825 8.07 194 3 841.00 31.79 2.673539e+24 5.551391
39.548270 143.908211 9.71 194 4 841.00 31.79 2.673539e+24 5.551391
39.613816 143.582847 12.34 194 6 841.00 31.79 2.673539e+24 5.551391
39.678086 143.258740 16.35 194 10 841.00 43.43 3.652716e+24 5.641744
39.740801 142.937362 22.07 194 13 841.00 43.43 3.652716e+24 5.641744
39.801653 142.620534 29.69 194 17 841.00 43.43 3.652716e+24 5.641744
39.860336 142.310065 39.25 194 21 841.00 66.83 5.619982e+24 5.766490
39.916640 142.007489 50.71 194 25 841.00 66.83 5.619982e+24 5.766490
39.970419 141.713893 63.94 194 29 841.00 66.83 5.619982e+24 5.766490
39.229115 144.147438 8.07 194 3 841.00 31.79 2.673539e+24 5.551391
39.295498 143.822917 9.71 194 4 841.00 31.79 2.673539e+24 5.551391
39.360809 143.498630 12.34 194 6 841.00 31.79 2.673539e+24 5.551391
39.424845 143.175618 16.35 194 10 841.00 43.43 3.652716e+24 5.641744
39.487342 142.855346 22.07 194 13 841.00 43.43 3.652716e+24 5.641744
39.547987 142.539605 29.69 194 17 841.00 43.43 3.652716e+24 5.641744
39.606483 142.230196 39.25 194 21 841.00 66.83 5.619982e+24 5.766490
39.662594 141.928686 50.71 194 25 841.00 66.83 5.619982e+24 5.766490
39.716209 141.636106 63.94 194 29 841.00 66.83 5.619982e+24 5.766490
38.976503 144.061690 8.07 194 3 841.00 31.79 2.673539e+24 5.551391
39.042639 143.738226 9.71 194 4 841.00 31.79 2.673539e+24 5.551391
39.107719 143.415029 12.34 194 6 841.00 31.79 2.673539e+24 5.551391
39.171541 143.093087 16.35 194 10 841.00 43.43 3.652716e+24 5.641744
39.233825 142.773897 22.07 194 13 841.00 43.43 3.652716e+24 5.641744
39.294267 142.459231 29.69 194 17 841.00 43.43 3.652716e+24 5.641744
39.352561 142.150895 39.25 194 21 841.00 66.83 5.619982e+24 5.766490
39.408501 141.850414 50.71 194 25 841.00 66.83 5.619982e+24 5.766490
39.461946 141.558852 63.94 194 29 841.00 66.83 5.619982e+24 5.766490
38.723801 143.976544 8.07 194 3 841.00 31.79 2.673539e+24 5.551391
38.789711 143.654139 9.71 194 4 841.00 31.79 2.673539e+24 5.551391
38.854565 143.332008 12.34 194 6 841.00 31.79 2.673539e+24 5.551391
38.918159 143.011149 16.35 194 10 841.00 43.43 3.652716e+24 5.641744
38.980243 142.693017 22.07 194 13 841.00 43.43 3.652716e+24 5.641744
39.040476 142.379414 29.69 194 17 841.00 43.43 3.652716e+24 5.641744
39.098591 142.072128 39.25 194 21 841.00 66.83 5.619982e+24 5.766490
39.154344 141.772677 50.71 194 25 841.00 66.83 5.619982e+24 5.766490
39.207623 141.482133 63.94 194 29 841.00 66.83 5.619982e+24 5.766490
38.471028 143.892002 8.07 194 3 841.00 31.79 2.673539e+24 5.551391
38.536708 143.570656 9.71 194 4 841.00 31.79 2.673539e+24 5.551391
38.601330 143.249568 12.34 194 6 841.00 31.79 2.673539e+24 5.551391
38.664718 142.929768 16.35 194 10 841.00 43.43 3.652716e+24 5.641744
38.726587 142.612706 22.07 194 13 841.00 43.43 3.652716e+24 5.641744
38.786633 142.300155 29.69 194 17 841.00 43.43 3.652716e+24 5.641744
38.844563 141.993895 39.25 194 21 841.00 66.83 5.619982e+24 5.766490
38.900143 141.695475 50.71 194 25 841.00 66.83 5.619982e+24 5.766490
38.953259 141.405914 63.94 194 29 841.00 66.83 5.619982e+24 5.766490
38.218168 143.808065 8.07 194 3 841.00 31.79 2.673539e+24 5.551391
38.283622 143.487743 9.71 194 4 841.00 31.79 2.673539e+24 5.551391
38.348034 143.167710 12.34 194 6 841.00 31.79 2.673539e+24 5.551391
38.411211 142.848946 16.35 194 10 841.00 43.43 3.652716e+24 5.641744
38.472878 142.532932 22.07 194 13 841.00 43.43 3.652716e+24 5.641744
38.532732 142.221420 29.69 194 17 841.00 43.43 3.652716e+24 5.641744
38.590472 141.916199 39.25 194 21 841.00 66.83 5.619982e+24 5.766490
38.645890 141.618774 50.71 194 25 841.00 66.83 5.619982e+24 5.766490
38.698847 141.330198 63.94 194 29 841.00 66.83 5.619982e+24 5.766490
37.965240 143.724699 8.07 194 3 841.00 31.79 2.673539e+24 5.551391
38.030472 143.405401 9.71 194 4 841.00 31.79 2.673539e+24 5.551391
38.094669 143.086400 12.34 194 6 841.00 31.79 2.673539e+24 5.551391
38.157630 142.768685 16.35 194 10 841.00 43.43 3.652716e+24 5.641744
38.219099 142.453695 22.07 194 13 841.00 43.43 3.652716e+24 5.641744
38.278765 142.143212 29.69 194 17 841.00 43.43 3.652716e+24 5.641744
38.336336 141.839006 39.25 194 21 841.00 66.83 5.619982e+24 5.766490
38.391578 141.542578 50.71 194 25 841.00 66.83 5.619982e+24 5.766490
38.444379 141.254986 63.94 194 29 841.00 66.83 5.619982e+24 5.766490
37.712238 143.641905 8.07 194 3 841.00 31.79 2.673539e+24 5.551391
37.777251 143.323632 9.71 194 4 841.00 31.79 2.673539e+24 5.551391
37.841228 143.005652 12.34 194 6 841.00 31.79 2.673539e+24 5.551391
37.903995 142.688950 16.35 194 10 841.00 43.43 3.652716e+24 5.641744
37.965270 142.374996 22.07 194 13 841.00 43.43 3.652716e+24 5.641744
38.024751 142.065531 29.69 194 17 841.00 43.43 3.652716e+24 5.641744
38.082147 141.762317 39.25 194 21 841.00 66.83 5.619982e+24 5.766490
38.137226 141.466886 50.71 194 25 841.00 66.83 5.619982e+24 5.766490
38.189875 141.180245 63.94 194 29 841.00 66.83 5.619982e+24 5.766490
37.459154 143.559683 8.07 194 3 841.00 31.79 2.673539e+24 5.551391
37.523952 143.242401 9.71 194 4 841.00 31.79 2.673539e+24 5.551391
37.587731 142.925432 12.34 194 6 841.00 31.79 2.673539e+24 5.551391
37.650299 142.609744 16.35 194 10 841.00 43.43 3.652716e+24 5.641744
37.711383 142.296803 22.07 194 13 841.00 43.43 3.652716e+24 5.641744
37.770683 141.988345 29.69 194 17 841.00 43.43 3.652716e+24 5.641744
37.827899 141.686136 39.25 194 21 841.00 66.83 5.619982e+24 5.766490
37.882826 141.391667 50.71 194 25 841.00 66.83 5.619982e+24 5.766490
37.935317 141.105978 63.94 194 29 841.00 66.83 5.619982e+24 5.766490
37.206007 143.478001 8.07 194 3 841.00 31.79 2.673539e+24 5.551391
37.270595 143.161712 9.71 194 4 841.00 31.79 2.673539e+24 5.551391
37.334170 142.845742 12.34 194 6 841.00 31.79 2.673539e+24 5.551391
37.396533 142.531069 16.35 194 10 841.00 43.43 3.652716e+24 5.641744
37.457430 142.219119 22.07 194 13 841.00 43.43 3.652716e+24 5.641744
37.516552 141.911655 29.69 194 17 841.00 43.43 3.652716e+24 5.641744
37.573610 141.610429 39.25 194 21 841.00 66.83 5.619982e+24 5.766490
37.628371 141.316924 50.71 194 25 841.00 66.83 5.619982e+24 5.766490
37.680725 141.032187 63.94 194 29 841.00 66.83 5.619982e+24 5.766490
36.952790 143.396860 8.07 194 3 841.00 31.79 2.673539e+24 5.551391
37.017162 143.081564 9.71 194 4 841.00 31.79 2.673539e+24 5.551391
37.080537 142.766582 12.34 194 6 841.00 31.79 2.673539e+24 5.551391
37.142717 142.452890 16.35 194 10 841.00 43.43 3.652716e+24 5.641744
37.203431 142.141943 22.07 194 13 841.00 43.43 3.652716e+24 5.641744
37.262379 141.835464 29.69 194 17 841.00 43.43 3.652716e+24 5.641744
37.319264 141.535198 39.25 194 21 841.00 66.83 5.619982e+24 5.766490
37.373881 141.242658 50.71 194 25 841.00 66.83 5.619982e+24 5.766490
37.426091 140.958840 63.94 194 29 841.00 66.83 5.619982e+24 5.766490
36.699496 143.316262 8.07 194 3 841.00 31.79 2.673539e+24 5.551391
36.763673 143.001925 9.71 194 4 841.00 31.79 2.673539e+24 5.551391
36.826852 142.687922 12.34 194 6 841.00 31.79 2.673539e+24 5.551391
36.888835 142.375212 16.35 194 10 841.00 43.43 3.652716e+24 5.641744
36.949378 142.065245 22.07 194 13 841.00 43.43 3.652716e+24 5.641744
37.008147 141.759740 29.69 194 17 841.00 43.43 3.652716e+24 5.641744
37.064880 141.460446 39.25 194 21 841.00 66.83 5.619982e+24 5.766490
37.119338 141.168837 50.71 194 25 841.00 66.83 5.619982e+24 5.766490
37.171408 140.885940 63.94 194 29 841.00 66.83 5.619982e+24 5.766490
36.446143 143.236174 8.07 194 3 841.00 31.79 2.673539e+24 5.551391
36.510122 142.922809 9.71 194 4 841.00 31.79 2.673539e+24 5.551391
36.573099 142.609762 12.34 194 6 841.00 31.79 2.673539e+24 5.551391
36.634907 142.298034 16.35 194 10 841.00 43.43 3.652716e+24 5.641744
36.695264 141.989026 22.07 194 13 841.00 43.43 3.652716e+24 5.641744
36.753875 141.684495 29.69 194 17 841.00 43.43 3.652716e+24 5.641744
36.810451 141.386140 39.25 194 21 841.00 66.83 5.619982e+24 5.766490
36.864761 141.095464 50.71 194 25 841.00 66.83 5.619982e+24 5.766490
36.916695 140.813488 63.94 194 29 841.00 66.83 5.619982e+24 5.766490
36.192717 143.156599 8.07 194 3 841.00 31.79 2.673539e+24 5.551391
36.256499 142.844184 9.71 194 4 841.00 31.79 2.673539e+24 5.551391
36.319297 142.532105 12.34 194 6 841.00 31.79 2.673539e+24 5.551391
36.380924 142.221326 16.35 194 10 841.00 43.43 3.652716e+24 5.641744
36.441108 141.913289 22.07 194 13 841.00 43.43 3.652716e+24 5.641744
36.499555 141.609699 29.69 194 17 841.00 43.43 3.652716e+24 5.641744
36.555969 141.312296 39.25 194 21 841.00 66.83 5.619982e+24 5.766490
36.610144 141.022541 50.71 194 25 841.00 66.83 5.619982e+24 5.766490
36.661943 140.741454 63.94 194 29 841.00 66.83 5.619982e+24 5.766490
35.939235 143.077537 8.07 194 3 841.00 31.79 2.673539e+24 5.551391
36.002826 142.766051 9.71 194 4 841.00 31.79 2.673539e+24 5.551391
36.065438 142.454919 12.34 194 6 841.00 31.79 2.673539e+24 5.551391
36.126878 142.145090 16.35 194 10 841.00 43.43 3.652716e+24 5.641744
36.186894 141.838002 22.07 194 13 841.00 43.43 3.652716e+24 5.641744
36.245181 141.535355 29.69 194 17 841.00 43.43 3.652716e+24 5.641744
36.301452 141.238880 39.25 194 21 841.00 66.83 5.619982e+24 5.766490
36.355478 140.950037 50.71 194 25 841.00 66.83 5.619982e+24 5.766490
36.407147 140.669841 63.94 194 29 841.00 66.83 5.619982e+24 5.766490
35.685691 142.998957 8.07 194 3 841.00 31.79 2.673539e+24 5.551391
35.749093 142.688413 9.71 194 4 841.00 31.79 2.673539e+24 5.551391
35.811515 142.378206 12.34 194 6 841.00 31.79 2.673539e+24 5.551391
35.872790 142.069328 16.35 194 10 841.00 43.43 3.652716e+24 5.641744
35.932640 141.763168 22.07 194 13 841.00 43.43 3.652716e+24 5.641744
35.990770 141.461463 29.69 194 17 841.00 43.43 3.652716e+24 5.641744
36.046894 141.165897 39.25 194 21 841.00 66.83 5.619982e+24 5.766490
36.100783 140.877956 50.71 194 25 841.00 66.83 5.619982e+24 5.766490
36.152324 140.598651 63.94 194 29 841.00 66.83 5.619982e+24 5.766490
35.432078 142.920863 8.07 194 3 841.00 31.79 2.673539e+24 5.551391
35.495294 142.611238 9.71 194 4 841.00 31.79 2.673539e+24 5.551391
35.557548 142.301968 12.34 194 6 841.00 31.79 2.673539e+24 5.551391
35.618652 141.994009 16.35 194 10 841.00 43.43 3.652716e+24 5.641744
35.678340 141.688788 22.07 194 13 841.00 43.43 3.652716e+24 5.641744
35.736316 141.387994 29.69 194 17 841.00 43.43 3.652716e+24 5.641744
35.792287 141.093348 39.25 194 21 841.00 66.83 5.619982e+24 5.766490
35.846050 140.806299 50.71 194 25 841.00 66.83 5.619982e+24 5.766490
35.897457 140.527854 63.94 194 29 841.00 66.83 5.619982e+24 5.766490
