# lon lat E[km] N[km] Dep[km] strike dip Area ID
144.857 41.247 1.000 1.000 8.070 194.000 3.000 841.000 0
144.524 41.315 1.000 1.000 9.710 194.000 4.000 841.000 1
144.190 41.383 1.000 1.000 12.340 194.000 6.000 841.000 2
143.858 41.449 1.000 1.000 16.350 194.000 10.000 841.000 3
143.529 41.513 1.000 1.000 22.070 194.000 13.000 841.000 4
143.204 41.575 1.000 1.000 29.690 194.000 17.000 841.000 5
142.886 41.636 1.000 1.000 39.250 194.000 21.000 841.000 6
142.575 41.693 1.000 1.000 50.710 194.000 25.000 841.000 7
142.274 41.748 1.000 1.000 63.940 194.000 29.000 841.000 8
144.766 40.995 1.000 1.000 8.070 194.000 3.000 841.000 9
144.434 41.063 1.000 1.000 9.710 194.000 4.000 841.000 10
144.101 41.130 1.000 1.000 12.340 194.000 6.000 841.000 11
143.770 41.196 1.000 1.000 16.350 194.000 10.000 841.000 12
143.442 41.260 1.000 1.000 22.070 194.000 13.000 841.000 13
143.119 41.322 1.000 1.000 29.690 194.000 17.000 841.000 14
142.802 41.382 1.000 1.000 39.250 194.000 21.000 841.000 15
142.492 41.440 1.000 1.000 50.710 194.000 25.000 841.000 16
142.192 41.495 1.000 1.000 63.940 194.000 29.000 841.000 17
144.676 40.743 1.000 1.000 8.070 194.000 3.000 841.000 18
144.344 40.811 1.000 1.000 9.710 194.000 4.000 841.000 19
144.013 40.878 1.000 1.000 12.340 194.000 6.000 841.000 20
143.684 40.943 1.000 1.000 16.350 194.000 10.000 841.000 21
143.357 41.007 1.000 1.000 22.070 194.000 13.000 841.000 22
143.034 41.069 1.000 1.000 29.690 194.000 17.000 841.000 23
142.718 41.129 1.000 1.000 39.250 194.000 21.000 841.000 24
142.410 41.186 1.000 1.000 50.710 194.000 25.000 841.000 25
142.111 41.241 1.000 1.000 63.940 194.000 29.000 841.000 26
144.586 40.491 1.000 1.000 8.070 194.000 3.000 841.000 27
144.256 40.559 1.000 1.000 9.710 194.000 4.000 841.000 28
143.926 40.625 1.000 1.000 12.340 194.000 6.000 841.000 29
143.597 40.690 1.000 1.000 16.350 194.000 10.000 841.000 30
143.271 40.754 1.000 1.000 22.070 194.000 13.000 841.000 31
142.950 40.816 1.000 1.000 29.690 194.000 17.000 841.000 32
142.635 40.875 1.000 1.000 39.250 194.000 21.000 841.000 33
142.328 40.932 1.000 1.000 50.710 194.000 25.000 841.000 34
142.031 40.987 1.000 1.000 63.940 194.000 29.000 841.000 35
144.497 40.239 1.000 1.000 8.070 194.000 3.000 841.000 36
144.168 40.306 1.000 1.000 9.710 194.000 4.000 841.000 37
143.839 40.372 1.000 1.000 12.340 194.000 6.000 841.000 38
143.512 40.437 1.000 1.000 16.350 194.000 10.000 841.000 39
143.187 40.501 1.000 1.000 22.070 194.000 13.000 841.000 40
142.867 40.562 1.000 1.000 29.690 194.000 17.000 841.000 41
142.553 40.622 1.000 1.000 39.250 194.000 21.000 841.000 42
142.247 40.678 1.000 1.000 50.710 194.000 25.000 841.000 43
141.951 40.733 1.000 1.000 63.940 194.000 29.000 841.000 44
144.409 39.986 1.000 1.000 8.070 194.000 3.000 841.000 45
144.081 40.054 1.000 1.000 9.710 194.000 4.000 841.000 46
143.753 40.120 1.000 1.000 12.340 194.000 6.000 841.000 47
143.427 40.184 1.000 1.000 16.350 194.000 10.000 841.000 48
143.103 40.247 1.000 1.000 22.070 194.000 13.000 841.000 49
142.784 40.309 1.000 1.000 29.690 194.000 17.000 841.000 50
142.471 40.368 1.000 1.000 39.250 194.000 21.000 841.000 51
142.167 40.425 1.000 1.000 50.710 194.000 25.000 841.000 52
141.871 40.479 1.000 1.000 63.940 194.000 29.000 841.000 53
144.321 39.734 1.000 1.000 8.070 194.000 3.000 841.000 54
143.994 39.801 1.000 1.000 9.710 194.000 4.000 841.000 55
143.668 39.867 1.000 1.000 12.340 194.000 6.000 841.000 56
143.342 39.931 1.000 1.000 16.350 194.000 10.000 841.000 57
143.020 39.994 1.000 1.000 22.070 194.000 13.000 841.000 58
142.702 40.055 1.000 1.000 29.690 194.000 17.000 841.000 59
142.390 40.114 1.000 1.000 39.250 194.000 21.000 841.000 60
142.087 40.171 1.000 1.000 50.710 194.000 25.000 841.000 61
141.792 40.225 1.000 1.000 63.940 194.000 29.000 841.000 62
144.234 39.482 1.000 1.000 8.070 194.000 3.000 841.000 63
143.908 39.548 1.000 1.000 9.710 194.000 4.000 841.000 64
143.583 39.614 1.000 1.000 12.340 194.000 6.000 841.000 65
143.259 39.678 1.000 1.000 16.350 194.000 10.000 841.000 66
142.937 39.741 1.000 1.000 22.070 194.000 13.000 841.000 67
142.621 39.802 1.000 1.000 29.690 194.000 17.000 841.000 68
142.310 39.860 1.000 1.000 39.250 194.000 21.000 841.000 69
142.007 39.917 1.000 1.000 50.710 194.000 25.000 841.000 70
141.714 39.970 1.000 1.000 63.940 194.000 29.000 841.000 71
144.147 39.229 1.000 1.000 8.070 194.000 3.000 841.000 72
143.823 39.295 1.000 1.000 9.710 194.000 4.000 841.000 73
143.499 39.361 1.000 1.000 12.340 194.000 6.000 841.000 74
143.176 39.425 1.000 1.000 16.350 194.000 10.000 841.000 75
142.855 39.487 1.000 1.000 22.070 194.000 13.000 841.000 76
142.540 39.548 1.000 1.000 29.690 194.000 17.000 841.000 77
142.230 39.606 1.000 1.000 39.250 194.000 21.000 841.000 78
141.929 39.663 1.000 1.000 50.710 194.000 25.000 841.000 79
141.636 39.716 1.000 1.000 63.940 194.000 29.000 841.000 80
144.062 38.977 1.000 1.000 8.070 194.000 3.000 841.000 81
143.738 39.043 1.000 1.000 9.710 194.000 4.000 841.000 82
143.415 39.108 1.000 1.000 12.340 194.000 6.000 841.000 83
143.093 39.172 1.000 1.000 16.350 194.000 10.000 841.000 84
142.774 39.234 1.000 1.000 22.070 194.000 13.000 841.000 85
142.459 39.294 1.000 1.000 29.690 194.000 17.000 841.000 86
142.151 39.353 1.000 1.000 39.250 194.000 21.000 841.000 87
141.850 39.409 1.000 1.000 50.710 194.000 25.000 841.000 88
141.559 39.462 1.000 1.000 63.940 194.000 29.000 841.000 89
143.977 38.724 1.000 1.000 8.070 194.000 3.000 841.000 90
143.654 38.790 1.000 1.000 9.710 194.000 4.000 841.000 91
143.332 38.855 1.000 1.000 12.340 194.000 6.000 841.000 92
143.011 38.918 1.000 1.000 16.350 194.000 10.000 841.000 93
142.693 38.980 1.000 1.000 22.070 194.000 13.000 841.000 94
142.379 39.040 1.000 1.000 29.690 194.000 17.000 841.000 95
142.072 39.099 1.000 1.000 39.250 194.000 21.000 841.000 96
141.773 39.154 1.000 1.000 50.710 194.000 25.000 841.000 97
141.482 39.208 1.000 1.000 63.940 194.000 29.000 841.000 98
143.892 38.471 1.000 1.000 8.070 194.000 3.000 841.000 99
143.571 38.537 1.000 1.000 9.710 194.000 4.000 841.000 100
143.250 38.601 1.000 1.000 12.340 194.000 6.000 841.000 101
142.930 38.665 1.000 1.000 16.350 194.000 10.000 841.000 102
142.613 38.727 1.000 1.000 22.070 194.000 13.000 841.000 103
142.300 38.787 1.000 1.000 29.690 194.000 17.000 841.000 104
141.994 38.845 1.000 1.000 39.250 194.000 21.000 841.000 105
141.695 38.900 1.000 1.000 50.710 194.000 25.000 841.000 106
141.406 38.953 1.000 1.000 63.940 194.000 29.000 841.000 107
143.808 38.218 1.000 1.000 8.070 194.000 3.000 841.000 108
143.488 38.284 1.000 1.000 9.710 194.000 4.000 841.000 109
143.168 38.348 1.000 1.000 12.340 194.000 6.000 841.000 110
142.849 38.411 1.000 1.000 16.350 194.000 10.000 841.000 111
142.533 38.473 1.000 1.000 22.070 194.000 13.000 841.000 112
142.221 38.533 1.000 1.000 29.690 194.000 17.000 841.000 113
141.916 38.590 1.000 1.000 39.250 194.000 21.000 841.000 114
141.619 38.646 1.000 1.000 50.710 194.000 25.000 841.000 115
141.330 38.699 1.000 1.000 63.940 194.000 29.000 841.000 116
143.725 37.965 1.000 1.000 8.070 194.000 3.000 841.000 117
143.405 38.030 1.000 1.000 9.710 194.000 4.000 841.000 118
143.086 38.095 1.000 1.000 12.340 194.000 6.000 841.000 119
142.769 38.158 1.000 1.000 16.350 194.000 10.000 841.000 120
142.454 38.219 1.000 1.000 22.070 194.000 13.000 841.000 121
142.143 38.279 1.000 1.000 29.690 194.000 17.000 841.000 122
141.839 38.336 1.000 1.000 39.250 194.000 21.000 841.000 123
141.543 38.392 1.000 1.000 50.710 194.000 25.000 841.000 124
141.255 38.444 1.000 1.000 63.940 194.000 29.000 841.000 125
143.642 37.712 1.000 1.000 8.070 194.000 3.000 841.000 126
143.324 37.777 1.000 1.000 9.710 194.000 4.000 841.000 127
143.006 37.841 1.000 1.000 12.340 194.000 6.000 841.000 128
142.689 37.904 1.000 1.000 16.350 194.000 10.000 841.000 129
142.375 37.965 1.000 1.000 22.070 194.000 13.000 841.000 130
142.066 38.025 1.000 1.000 29.690 194.000 17.000 841.000 131
141.762 38.082 1.000 1.000 39.250 194.000 21.000 841.000 132
141.467 38.137 1.000 1.000 50.710 194.000 25.000 841.000 133
141.180 38.190 1.000 1.000 63.940 194.000 29.000 841.000 134
143.560 37.459 1.000 1.000 8.070 194.000 3.000 841.000 135
143.242 37.524 1.000 1.000 9.710 194.000 4.000 841.000 136
142.925 37.588 1.000 1.000 12.340 194.000 6.000 841.000 137
142.610 37.650 1.000 1.000 16.350 194.000 10.000 841.000 138
142.297 37.711 1.000 1.000 22.070 194.000 13.000 841.000 139
141.988 37.771 1.000 1.000 29.690 194.000 17.000 841.000 140
141.686 37.828 1.000 1.000 39.250 194.000 21.000 841.000 141
141.392 37.883 1.000 1.000 50.710 194.000 25.000 841.000 142
141.106 37.935 1.000 1.000 63.940 194.000 29.000 841.000 143
143.478 37.206 1.000 1.000 8.070 194.000 3.000 841.000 144
143.162 37.271 1.000 1.000 9.710 194.000 4.000 841.000 145
142.846 37.334 1.000 1.000 12.340 194.000 6.000 841.000 146
142.531 37.397 1.000 1.000 16.350 194.000 10.000 841.000 147
142.219 37.457 1.000 1.000 22.070 194.000 13.000 841.000 148
141.912 37.517 1.000 1.000 29.690 194.000 17.000 841.000 149
141.610 37.574 1.000 1.000 39.250 194.000 21.000 841.000 150
141.317 37.628 1.000 1.000 50.710 194.000 25.000 841.000 151
141.032 37.681 1.000 1.000 63.940 194.000 29.000 841.000 152
143.397 36.953 1.000 1.000 8.070 194.000 3.000 841.000 153
143.082 37.017 1.000 1.000 9.710 194.000 4.000 841.000 154
142.767 37.081 1.000 1.000 12.340 194.000 6.000 841.000 155
142.453 37.143 1.000 1.000 16.350 194.000 10.000 841.000 156
142.142 37.203 1.000 1.000 22.070 194.000 13.000 841.000 157
141.835 37.262 1.000 1.000 29.690 194.000 17.000 841.000 158
141.535 37.319 1.000 1.000 39.250 194.000 21.000 841.000 159
141.243 37.374 1.000 1.000 50.710 194.000 25.000 841.000 160
140.959 37.426 1.000 1.000 63.940 194.000 29.000 841.000 161
143.316 36.699 1.000 1.000 8.070 194.000 3.000 841.000 162
143.002 36.764 1.000 1.000 9.710 194.000 4.000 841.000 163
142.688 36.827 1.000 1.000 12.340 194.000 6.000 841.000 164
142.375 36.889 1.000 1.000 16.350 194.000 10.000 841.000 165
142.065 36.949 1.000 1.000 22.070 194.000 13.000 841.000 166
141.760 37.008 1.000 1.000 29.690 194.000 17.000 841.000 167
141.460 37.065 1.000 1.000 39.250 194.000 21.000 841.000 168
141.169 37.119 1.000 1.000 50.710 194.000 25.000 841.000 169
140.886 37.171 1.000 1.000 63.940 194.000 29.000 841.000 170
143.236 36.446 1.000 1.000 8.070 194.000 3.000 841.000 171
142.923 36.510 1.000 1.000 9.710 194.000 4.000 841.000 172
142.610 36.573 1.000 1.000 12.340 194.000 6.000 841.000 173
142.298 36.635 1.000 1.000 16.350 194.000 10.000 841.000 174
141.989 36.695 1.000 1.000 22.070 194.000 13.000 841.000 175
141.684 36.754 1.000 1.000 29.690 194.000 17.000 841.000 176
141.386 36.810 1.000 1.000 39.250 194.000 21.000 841.000 177
141.095 36.865 1.000 1.000 50.710 194.000 25.000 841.000 178
140.813 36.917 1.000 1.000 63.940 194.000 29.000 841.000 179
143.157 36.193 1.000 1.000 8.070 194.000 3.000 841.000 180
142.844 36.256 1.000 1.000 9.710 194.000 4.000 841.000 181
142.532 36.319 1.000 1.000 12.340 194.000 6.000 841.000 182
142.221 36.381 1.000 1.000 16.350 194.000 10.000 841.000 183
141.913 36.441 1.000 1.000 22.070 194.000 13.000 841.000 184
141.610 36.500 1.000 1.000 29.690 194.000 17.000 841.000 185
141.312 36.556 1.000 1.000 39.250 194.000 21.000 841.000 186
141.023 36.610 1.000 1.000 50.710 194.000 25.000 841.000 187
140.741 36.662 1.000 1.000 63.940 194.000 29.000 841.000 188
143.078 35.939 1.000 1.000 8.070 194.000 3.000 841.000 189
142.766 36.003 1.000 1.000 9.710 194.000 4.000 841.000 190
142.455 36.065 1.000 1.000 12.340 194.000 6.000 841.000 191
142.145 36.127 1.000 1.000 16.350 194.000 10.000 841.000 192
141.838 36.187 1.000 1.000 22.070 194.000 13.000 841.000 193
141.535 36.245 1.000 1.000 29.690 194.000 17.000 841.000 194
141.239 36.301 1.000 1.000 39.250 194.000 21.000 841.000 195
140.950 36.355 1.000 1.000 50.710 194.000 25.000 841.000 196
140.670 36.407 1.000 1.000 63.940 194.000 29.000 841.000 197
142.999 35.686 1.000 1.000 8.070 194.000 3.000 841.000 198
142.688 35.749 1.000 1.000 9.710 194.000 4.000 841.000 199
142.378 35.812 1.000 1.000 12.340 194.000 6.000 841.000 200
142.069 35.873 1.000 1.000 16.350 194.000 10.000 841.000 201
141.763 35.933 1.000 1.000 22.070 194.000 13.000 841.000 202
141.461 35.991 1.000 1.000 29.690 194.000 17.000 841.000 203
141.166 36.047 1.000 1.000 39.250 194.000 21.000 841.000 204
140.878 36.101 1.000 1.000 50.710 194.000 25.000 841.000 205
140.599 36.152 1.000 1.000 63.940 194.000 29.000 841.000 206
142.921 35.432 1.000 1.000 8.070 194.000 3.000 841.000 207
142.611 35.495 1.000 1.000 9.710 194.000 4.000 841.000 208
142.302 35.558 1.000 1.000 12.340 194.000 6.000 841.000 209
141.994 35.619 1.000 1.000 16.350 194.000 10.000 841.000 210
141.689 35.678 1.000 1.000 22.070 194.000 13.000 841.000 211
141.388 35.736 1.000 1.000 29.690 194.000 17.000 841.000 212
141.093 35.792 1.000 1.000 39.250 194.000 21.000 841.000 213
140.806 35.846 1.000 1.000 50.710 194.000 25.000 841.000 214
140.528 35.897 1.000 1.000 63.940 194.000 29.000 841.000 215
