#lon lat E[km] N[km] Dep[km] strike dip Area ID
-72.606 -32.247      -57.084    -1564.181    6.72   4.00   8.82  324.0 00070
-72.419 -32.259      -39.426    -1565.416    9.95   4.00  11.88  324.0 00071
-72.233 -32.270      -21.958    -1566.638   14.10   4.00  14.78  324.0 00072
-72.050 -32.281       -4.715    -1567.843   19.11   4.00  17.55  324.0 00073
-71.870 -32.292       12.270    -1569.031   24.94   4.00  20.23  324.0 00074
-71.692 -32.302       28.970    -1570.199   31.54   4.00  22.83  324.0 00075
-71.518 -32.312       45.359    -1571.345   38.89   4.00  25.36  324.0 00076
-71.347 -32.321       61.412    -1572.467   46.95   4.00  27.84  324.0 00077
-71.180 -32.330       77.106    -1573.565   55.69   4.00  30.27  324.0 00078
-71.018 -32.339       92.420    -1574.636   65.09   4.00  32.66  324.0 00079
-72.592 -32.085      -55.829    -1546.225    6.72   4.00   8.82  324.0 00080
-72.405 -32.097      -38.170    -1547.460    9.95   4.00  11.88  324.0 00081
-72.220 -32.108      -20.702    -1548.681   14.10   4.00  14.78  324.0 00082
-72.037 -32.119       -3.460    -1549.887   19.11   4.00  17.55  324.0 00083
-71.857 -32.130       13.526    -1551.075   24.94   4.00  20.23  324.0 00084
-71.679 -32.140       30.226    -1552.243   31.54   4.00  22.83  324.0 00085
-71.506 -32.150       46.614    -1553.389   38.89   4.00  25.36  324.0 00086
-71.335 -32.159       62.667    -1554.511   46.95   4.00  27.84  324.0 00087
-71.169 -32.168       78.362    -1555.609   55.69   4.00  30.27  324.0 00088
-71.006 -32.177       93.675    -1556.680   65.09   4.00  32.66  324.0 00089
-72.577 -31.923      -54.573    -1528.269    6.72   4.00   8.82  324.0 00090
-72.391 -31.935      -36.915    -1529.504    9.95   4.00  11.88  324.0 00091
-72.206 -31.946      -19.446    -1530.725   14.10   4.00  14.78  324.0 00092
-72.023 -31.957       -2.204    -1531.931   19.11   4.00  17.55  324.0 00093
-71.844 -31.968       14.782    -1533.119   24.94   4.00  20.23  324.0 00094
-71.667 -31.978       31.481    -1534.287   31.54   4.00  22.83  324.0 00095
-71.493 -31.988       47.870    -1535.433   38.89   4.00  25.36  324.0 00096
-71.323 -31.997       63.923    -1536.555   46.95   4.00  27.84  324.0 00097
-71.157 -32.006       79.617    -1537.653   55.69   4.00  30.27  324.0 00098
-70.994 -32.015       94.931    -1538.723   65.09   4.00  32.66  324.0 00099
-72.563 -31.761      -53.318    -1510.313    6.72   4.00   8.82  324.0 00100
-72.377 -31.773      -35.659    -1511.548    9.95   4.00  11.88  324.0 00101
-72.192 -31.784      -18.191    -1512.769   14.10   4.00  14.78  324.0 00102
-72.010 -31.795       -0.948    -1513.975   19.11   4.00  17.55  324.0 00103
-71.831 -31.806       16.037    -1515.163   24.94   4.00  20.23  324.0 00104
-71.654 -31.816       32.737    -1516.330   31.54   4.00  22.83  324.0 00105
-71.481 -31.826       49.125    -1517.476   38.89   4.00  25.36  324.0 00106
-71.311 -31.835       65.179    -1518.599   46.95   4.00  27.84  324.0 00107
-71.145 -31.844       80.873    -1519.696   55.69   4.00  30.27  324.0 00108
-70.983 -31.852       96.186    -1520.767   65.09   4.00  32.66  324.0 00109
-72.549 -31.599      -52.062    -1492.357    6.72   4.00   8.82  324.0 00110
-72.363 -31.611      -34.403    -1493.592    9.95   4.00  11.88  324.0 00111
-72.179 -31.622      -16.935    -1494.813   14.10   4.00  14.78  324.0 00112
-71.997 -31.633        0.307    -1496.019   19.11   4.00  17.55  324.0 00113
-71.818 -31.644       17.293    -1497.206   24.94   4.00  20.23  324.0 00114
-71.641 -31.654       33.993    -1498.374   31.54   4.00  22.83  324.0 00115
-71.468 -31.664       50.381    -1499.520   38.89   4.00  25.36  324.0 00116
-71.299 -31.673       66.434    -1500.643   46.95   4.00  27.84  324.0 00117
-71.133 -31.682       82.128    -1501.740   55.69   4.00  30.27  324.0 00118
-70.971 -31.690       97.442    -1502.811   65.09   4.00  32.66  324.0 00119
-72.535 -31.437      -50.806    -1474.401    6.72   4.00   8.82  324.0 00120
-72.349 -31.449      -33.148    -1475.635    9.95   4.00  11.88  324.0 00121
-72.165 -31.460      -15.679    -1476.857   14.10   4.00  14.78  324.0 00122
-71.984 -31.471        1.563    -1478.063   19.11   4.00  17.55  324.0 00123
-71.805 -31.482       18.548    -1479.250   24.94   4.00  20.23  324.0 00124
-71.629 -31.492       35.248    -1480.418   31.54   4.00  22.83  324.0 00125
-71.456 -31.501       51.637    -1481.564   38.89   4.00  25.36  324.0 00126
-71.287 -31.511       67.690    -1482.687   46.95   4.00  27.84  324.0 00127
-71.121 -31.520       83.384    -1483.784   55.69   4.00  30.27  324.0 00128
-70.960 -31.528       98.698    -1484.855   65.09   4.00  32.66  324.0 00129
-72.521 -31.275      -49.551    -1456.444    6.72   4.00   8.82  324.0 00130
-72.335 -31.287      -31.892    -1457.679    9.95   4.00  11.88  324.0 00131
-72.152 -31.298      -14.424    -1458.901   14.10   4.00  14.78  324.0 00132
-71.970 -31.309        2.818    -1460.106   19.11   4.00  17.55  324.0 00133
-71.792 -31.319       19.804    -1461.294   24.94   4.00  20.23  324.0 00134
-71.616 -31.330       36.504    -1462.462   31.54   4.00  22.83  324.0 00135
-71.444 -31.339       52.892    -1463.608   38.89   4.00  25.36  324.0 00136
-71.275 -31.349       68.946    -1464.730   46.95   4.00  27.84  324.0 00137
-71.110 -31.357       84.640    -1465.828   55.69   4.00  30.27  324.0 00138
-70.949 -31.366       99.953    -1466.899   65.09   4.00  32.66  324.0 00139
-72.507 -31.113      -48.295    -1438.488    6.72   4.00   8.82  324.0 00140
-72.321 -31.125      -30.637    -1439.723    9.95   4.00  11.88  324.0 00141
-72.138 -31.136      -13.168    -1440.945   14.10   4.00  14.78  324.0 00142
-71.957 -31.147        4.074    -1442.150   19.11   4.00  17.55  324.0 00143
-71.779 -31.157       21.060    -1443.338   24.94   4.00  20.23  324.0 00144
-71.604 -31.168       37.759    -1444.506   31.54   4.00  22.83  324.0 00145
-71.432 -31.177       54.148    -1445.652   38.89   4.00  25.36  324.0 00146
-71.263 -31.186       70.201    -1446.774   46.95   4.00  27.84  324.0 00147
-71.098 -31.195       85.895    -1447.872   55.69   4.00  30.27  324.0 00148
-70.937 -31.204      101.209    -1448.943   65.09   4.00  32.66  324.0 00149
-72.493 -30.951      -47.040    -1420.532    6.72   4.00   8.82  324.0 00150
-72.308 -30.962      -29.381    -1421.767    9.95   4.00  11.88  324.0 00151
-72.125 -30.974      -11.913    -1422.988   14.10   4.00  14.78  324.0 00152
-71.944 -30.985        5.330    -1424.194   19.11   4.00  17.55  324.0 00153
-71.766 -30.995       22.315    -1425.382   24.94   4.00  20.23  324.0 00154
-71.591 -31.005       39.015    -1426.550   31.54   4.00  22.83  324.0 00155
-71.419 -31.015       55.404    -1427.696   38.89   4.00  25.36  324.0 00156
-71.251 -31.024       71.457    -1428.818   46.95   4.00  27.84  324.0 00157
-71.086 -31.033       87.151    -1429.916   55.69   4.00  30.27  324.0 00158
-70.926 -31.042      102.465    -1430.986   65.09   4.00  32.66  324.0 00159
-72.479 -30.789      -45.784    -1402.576    6.72   4.00   8.82  324.0 00160
-72.294 -30.800      -28.125    -1403.811    9.95   4.00  11.88  324.0 00161
-72.111 -30.812      -10.657    -1405.032   14.10   4.00  14.78  324.0 00162
-71.931 -30.823        6.585    -1406.238   19.11   4.00  17.55  324.0 00163
-71.753 -30.833       23.571    -1407.426   24.94   4.00  20.23  324.0 00164
-71.579 -30.843       40.271    -1408.593   31.54   4.00  22.83  324.0 00165
-71.407 -30.853       56.659    -1409.739   38.89   4.00  25.36  324.0 00166
-71.239 -30.862       72.712    -1410.862   46.95   4.00  27.84  324.0 00167
-71.075 -30.871       88.406    -1411.959   55.69   4.00  30.27  324.0 00168
-70.914 -30.879      103.720    -1413.030   65.09   4.00  32.66  324.0 00169
-72.465 -30.627      -44.528    -1384.620    6.72   4.00   8.82  324.0 00170
-72.281 -30.638      -26.870    -1385.855    9.95   4.00  11.88  324.0 00171
-72.098 -30.650       -9.401    -1387.076   14.10   4.00  14.78  324.0 00172
-71.918 -30.661        7.841    -1388.282   19.11   4.00  17.55  324.0 00173
-71.741 -30.671       24.826    -1389.470   24.94   4.00  20.23  324.0 00174
-71.566 -30.681       41.526    -1390.637   31.54   4.00  22.83  324.0 00175
-71.395 -30.691       57.915    -1391.783   38.89   4.00  25.36  324.0 00176
-71.227 -30.700       73.968    -1392.906   46.95   4.00  27.84  324.0 00177
-71.063 -30.709       89.662    -1394.003   55.69   4.00  30.27  324.0 00178
-70.903 -30.717      104.976    -1395.074   65.09   4.00  32.66  324.0 00179
-72.451 -30.465      -43.273    -1366.664    6.72   4.00   8.82  324.0 00180
-72.267 -30.476      -25.614    -1367.898    9.95   4.00  11.88  324.0 00181
-72.085 -30.488       -8.146    -1369.120   14.10   4.00  14.78  324.0 00182
-71.905 -30.498        9.097    -1370.326   19.11   4.00  17.55  324.0 00183
-71.728 -30.509       26.082    -1371.513   24.94   4.00  20.23  324.0 00184
-71.554 -30.519       42.782    -1372.681   31.54   4.00  22.83  324.0 00185
-71.383 -30.529       59.170    -1373.827   38.89   4.00  25.36  324.0 00186
-71.215 -30.538       75.224    -1374.950   46.95   4.00  27.84  324.0 00187
-71.052 -30.547       90.918    -1376.047   55.69   4.00  30.27  324.0 00188
-70.892 -30.555      106.231    -1377.118   65.09   4.00  32.66  324.0 00189
-72.437 -30.303      -42.017    -1348.707    6.72   4.00   8.82  324.0 00190
-72.253 -30.314      -24.358    -1349.942    9.95   4.00  11.88  324.0 00191
-72.072 -30.325       -6.890    -1351.164   14.10   4.00  14.78  324.0 00192
-71.892 -30.336       10.352    -1352.370   19.11   4.00  17.55  324.0 00193
-71.715 -30.347       27.338    -1353.557   24.94   4.00  20.23  324.0 00194
-71.542 -30.357       44.038    -1354.725   31.54   4.00  22.83  324.0 00195
-71.371 -30.366       60.426    -1355.871   38.89   4.00  25.36  324.0 00196
-71.204 -30.376       76.479    -1356.994   46.95   4.00  27.84  324.0 00197
-71.040 -30.385       92.173    -1358.091   55.69   4.00  30.27  324.0 00198
-70.881 -30.393      107.487    -1359.162   65.09   4.00  32.66  324.0 00199
-72.423 -30.141      -40.761    -1330.751    6.72   4.00   8.82  324.0 00200
-72.240 -30.152      -23.103    -1331.986    9.95   4.00  11.88  324.0 00201
-72.059 -30.163       -5.635    -1333.208   14.10   4.00  14.78  324.0 00202
-71.879 -30.174       11.608    -1334.413   19.11   4.00  17.55  324.0 00203
-71.703 -30.185       28.593    -1335.601   24.94   4.00  20.23  324.0 00204
-71.529 -30.195       45.293    -1336.769   31.54   4.00  22.83  324.0 00205
-71.359 -30.204       61.682    -1337.915   38.89   4.00  25.36  324.0 00206
-71.192 -30.214       77.735    -1339.037   46.95   4.00  27.84  324.0 00207
-71.029 -30.222       93.429    -1340.135   55.69   4.00  30.27  324.0 00208
-70.869 -30.231      108.743    -1341.206   65.09   4.00  32.66  324.0 00209
-72.410 -29.978      -39.506    -1312.795    6.72   4.00   8.82  324.0 00210
-72.227 -29.990      -21.847    -1314.030    9.95   4.00  11.88  324.0 00211
-72.045 -30.001       -4.379    -1315.252   14.10   4.00  14.78  324.0 00212
-71.867 -30.012       12.863    -1316.457   19.11   4.00  17.55  324.0 00213
-71.690 -30.023       29.849    -1317.645   24.94   4.00  20.23  324.0 00214
-71.517 -30.033       46.549    -1318.813   31.54   4.00  22.83  324.0 00215
-71.347 -30.042       62.937    -1319.959   38.89   4.00  25.36  324.0 00216
-71.180 -30.051       78.990    -1321.081   46.95   4.00  27.84  324.0 00217
-71.017 -30.060       94.685    -1322.179   55.69   4.00  30.27  324.0 00218
-70.858 -30.069      109.998    -1323.250   65.09   4.00  32.66  324.0 00219
-72.396 -29.816      -38.250    -1294.839    6.72   4.00   8.82  324.0 00220
-72.213 -29.828      -20.592    -1296.074    9.95   4.00  11.88  324.0 00221
-72.032 -29.839       -3.123    -1297.295   14.10   4.00  14.78  324.0 00222
-71.854 -29.850       14.119    -1298.501   19.11   4.00  17.55  324.0 00223
-71.678 -29.860       31.105    -1299.689   24.94   4.00  20.23  324.0 00224
-71.505 -29.870       47.804    -1300.857   31.54   4.00  22.83  324.0 00225
-71.335 -29.880       64.193    -1302.003   38.89   4.00  25.36  324.0 00226
-71.169 -29.889       80.246    -1303.125   46.95   4.00  27.84  324.0 00227
-71.006 -29.898       95.940    -1304.223   55.69   4.00  30.27  324.0 00228
-70.847 -29.906      111.254    -1305.293   65.09   4.00  32.66  324.0 00229
-72.382 -29.654      -36.995    -1276.883    6.72   4.00   8.82  324.0 00230
-72.200 -29.666      -19.336    -1278.118    9.95   4.00  11.88  324.0 00231
-72.019 -29.677       -1.868    -1279.339   14.10   4.00  14.78  324.0 00232
-71.841 -29.688       15.375    -1280.545   19.11   4.00  17.55  324.0 00233
-71.665 -29.698       32.360    -1281.733   24.94   4.00  20.23  324.0 00234
-71.493 -29.708       49.060    -1282.900   31.54   4.00  22.83  324.0 00235
-71.323 -29.718       65.448    -1284.046   38.89   4.00  25.36  324.0 00236
-71.157 -29.727       81.502    -1285.169   46.95   4.00  27.84  324.0 00237
-70.994 -29.736       97.196    -1286.266   55.69   4.00  30.27  324.0 00238
-70.836 -29.744      112.510    -1287.337   65.09   4.00  32.66  324.0 00239
