-2.237601297248597854e-01
1.262975177145145289e-01
-4.375267378049834538e-02
2.221299950971362958e-01
1.335140507662890275e-01
-1.195923265202589736e-01
-1.959543252065115357e-02
1.172212903160116913e-02
-4.478973322988422795e-02
3.471591179840401858e-02
-9.406109658606242631e-04
-3.602230250746286250e-02
3.613694541802717902e-02
-2.084650244365616467e-01
-3.326964962144149940e-01
-1.907789835547147803e-02
-9.488368639920853609e-02
5.756900192038093972e-02
8.662986097627585480e-02
5.805142693326156150e-02
1.908102109335963747e-01
7.244674166093451051e-02
1.496932190904173288e-01
2.850714099562636633e-02
-8.681570724659504190e-02
4.954215561370621523e-02
4.523253215001454830e-02
-8.405379586605553344e-02
-2.160886185202215773e-02
-2.348551847540532311e-01
-8.687703689111313243e-02
-3.855267535961780928e-02
-8.678107450314426208e-02
-1.576977018245735718e-01
1.933617600766767974e-01
-1.713861223419240742e-01
-9.695499891340261800e-02
-1.055865087173881445e-01
-3.276498127647448771e-02
-2.236798255050438389e-01
-1.279773975562309152e-01
1.713353375573490045e-01
-2.136129658476057236e-01
3.288576694855176868e-02
1.163591323426011043e-01
9.739749183589854753e-02
-3.732944064448401322e-02
2.323814836945265194e-01
7.008934665872267045e-02
-8.218254145873241101e-02
-1.846081535356735026e-01
-2.300292808463113778e-02
3.207184462628223653e-02
9.765590512268960965e-02
1.746706870784233701e-01
4.996400484561972638e-02
1.501833442355759718e-01
-8.593750963395530018e-02
-1.138839479677969113e-01
-5.162135519798802946e-02
-1.205307676389179711e-01
5.969337126847846370e-02
-1.245314593829810468e-02
-1.374912313398405639e-01
-1.748835131975412516e-01
-1.104713292395923252e-01
-2.091073989977998149e-01
2.904985689458307319e-02
8.858754873148862174e-03
1.574282617654501337e-01
1.730484225416134836e-01
-1.153332593776462828e-01
-1.053487769531785689e-01
1.726197564436824927e-01
4.090281144912416567e-02
-2.031786520103333327e-01
1.661924046957985457e-01
1.000000000000000000e+00
-5.218493542822423281e-01
1.825277999031007514e-01
-1.465789945580392162e-01
2.350756393001090794e-01
-1.248015158955396720e-01
2.456773530487807999e-01
-1.444131988472120102e-03
-4.087770264010129329e-02
-2.330122694957675600e-01
-2.384126695961819725e-02
-9.410827958618354916e-02
-2.633835738315192798e-01
3.396752438670391228e-01
-5.020245911170147929e-02
-2.339879904618578574e-02
-1.044520793406700787e-01
5.455202079425051226e-02
4.084144075518893191e-02
2.410315088992251095e-02
7.146595278020947961e-02
6.819952260940630173e-02
-1.987978904653091849e-01
3.136245500924948748e-02
-2.029478608305516907e-02
-1.632397298654603979e-01
2.363089413221221013e-01
-2.240782951774623194e-02
-1.622411678828984960e-01
7.765118909038631889e-02
1.514838917235660498e-01
-1.270012729328020562e-01
1.704579548688066023e-03
3.700310835312958790e-02
2.667965441718789243e-01
-4.835130885465970668e-02
-3.150419843229913530e-01
1.552831884189864453e-01
9.232645943443085201e-02
-1.947564810622899600e-01
1.354619664855352956e-01
6.243750385338782405e-02
-5.576960131829646755e-02
-2.174525916591200370e-01
1.362817532925094111e-01
-5.746330541796620256e-02
-1.540576734170450990e-01
2.994107586173625282e-02
-1.101135461955822237e-01
-5.277531355510668015e-02
-2.176893988788274406e-03
1.041392976803597048e-01
-1.989526921344365040e-01
-2.048391383229736795e-01
-6.365195461775942365e-02
