# lon lat E[km] N[km] Dep[km] strike dip Area ID
-80.856 -0.369 1.000 1.000 11.481 27.055 10.075 225.000 0
-80.738 -0.430 1.000 1.000 14.381 27.054 12.216 225.000 1
-80.621 -0.490 1.000 1.000 17.895 27.053 14.871 225.000 2
-80.506 -0.549 1.000 1.000 22.109 27.052 17.762 225.000 3
-80.393 -0.607 1.000 1.000 27.045 27.051 20.660 225.000 4
-80.282 -0.664 1.000 1.000 32.664 27.050 23.335 225.000 5
-80.172 -0.721 1.000 1.000 38.860 27.049 25.458 225.000 6
-80.065 -0.776 1.000 1.000 45.500 27.048 27.085 225.000 7
-80.795 -0.248 1.000 1.000 11.481 27.058 10.075 225.000 8
-80.677 -0.309 1.000 1.000 14.381 27.056 12.217 225.000 9
-80.560 -0.369 1.000 1.000 17.895 27.055 14.871 225.000 10
-80.445 -0.428 1.000 1.000 22.109 27.054 17.763 225.000 11
-80.332 -0.486 1.000 1.000 27.045 27.053 20.660 225.000 12
-80.220 -0.544 1.000 1.000 32.664 27.052 23.335 225.000 13
-80.111 -0.600 1.000 1.000 38.860 27.051 25.458 225.000 14
-80.003 -0.655 1.000 1.000 45.500 27.050 27.085 225.000 15
-80.733 -0.128 1.000 1.000 11.481 27.060 10.075 225.000 16
-80.615 -0.188 1.000 1.000 14.381 27.059 12.217 225.000 17
-80.499 -0.248 1.000 1.000 17.895 27.058 14.872 225.000 18
-80.384 -0.307 1.000 1.000 22.109 27.056 17.763 225.000 19
-80.270 -0.366 1.000 1.000 27.045 27.055 20.660 225.000 20
-80.159 -0.423 1.000 1.000 32.664 27.054 23.336 225.000 21
-80.050 -0.479 1.000 1.000 38.860 27.053 25.459 225.000 22
-79.942 -0.534 1.000 1.000 45.500 27.052 27.086 225.000 23
-80.672 -0.007 1.000 1.000 11.481 27.062 10.075 225.000 24
-80.554 -0.067 1.000 1.000 14.381 27.061 12.217 225.000 25
-80.438 -0.127 1.000 1.000 17.895 27.060 14.872 225.000 26
-80.322 -0.186 1.000 1.000 22.109 27.059 17.763 225.000 27
-80.209 -0.245 1.000 1.000 27.045 27.058 20.661 225.000 28
-80.098 -0.302 1.000 1.000 32.664 27.057 23.336 225.000 29
-79.989 -0.358 1.000 1.000 38.860 27.056 25.459 225.000 30
-79.881 -0.413 1.000 1.000 45.500 27.054 27.086 225.000 31
-80.611 0.114 1.000 1.000 11.481 27.064 10.075 225.000 32
-80.493 0.054 1.000 1.000 14.381 27.063 12.217 225.000 33
-80.376 -0.006 1.000 1.000 17.895 27.062 14.872 225.000 34
-80.261 -0.066 1.000 1.000 22.109 27.061 17.764 225.000 35
-80.148 -0.124 1.000 1.000 27.045 27.060 20.661 225.000 36
-80.036 -0.181 1.000 1.000 32.664 27.059 23.336 225.000 37
-79.927 -0.237 1.000 1.000 38.860 27.058 25.460 225.000 38
-79.820 -0.293 1.000 1.000 45.500 27.057 27.087 225.000 39
-80.549 0.235 1.000 1.000 11.481 27.067 10.076 225.000 40
-80.431 0.174 1.000 1.000 14.381 27.066 12.218 225.000 41
-80.315 0.114 1.000 1.000 17.895 27.064 14.872 225.000 42
-80.200 0.055 1.000 1.000 22.109 27.063 17.764 225.000 43
-80.086 -0.003 1.000 1.000 27.045 27.062 20.662 225.000 44
-79.975 -0.060 1.000 1.000 32.664 27.061 23.337 225.000 45
-79.866 -0.117 1.000 1.000 38.860 27.060 25.460 225.000 46
-79.758 -0.172 1.000 1.000 45.500 27.059 27.087 225.000 47
-80.488 0.356 1.000 1.000 11.481 27.069 10.076 225.000 48
-80.370 0.295 1.000 1.000 14.381 27.068 12.218 225.000 49
-80.254 0.235 1.000 1.000 17.895 27.067 14.873 225.000 50
-80.138 0.176 1.000 1.000 22.109 27.066 17.764 225.000 51
-80.025 0.118 1.000 1.000 27.045 27.064 20.662 225.000 52
-79.914 0.060 1.000 1.000 32.664 27.063 23.337 225.000 53
-79.805 0.004 1.000 1.000 38.860 27.062 25.460 225.000 54
-79.697 -0.051 1.000 1.000 45.500 27.061 27.088 225.000 55
-80.427 0.477 1.000 1.000 11.481 27.071 10.076 225.000 56
-80.309 0.416 1.000 1.000 14.381 27.070 12.218 225.000 57
-80.192 0.356 1.000 1.000 17.895 27.069 14.873 225.000 58
-80.077 0.297 1.000 1.000 22.109 27.068 17.765 225.000 59
-79.964 0.239 1.000 1.000 27.045 27.067 20.662 225.000 60
-79.853 0.181 1.000 1.000 32.664 27.066 23.338 225.000 61
-79.743 0.125 1.000 1.000 38.860 27.065 25.461 225.000 62
-79.636 0.070 1.000 1.000 45.500 27.064 27.088 225.000 63
-80.365 0.598 1.000 1.000 11.481 27.073 10.076 225.000 64
-80.248 0.537 1.000 1.000 14.381 27.072 12.218 225.000 65
-80.131 0.477 1.000 1.000 17.895 27.071 14.873 225.000 66
-80.016 0.418 1.000 1.000 22.109 27.070 17.765 225.000 67
-79.902 0.359 1.000 1.000 27.045 27.069 20.663 225.000 68
-79.791 0.302 1.000 1.000 32.664 27.068 23.338 225.000 69
-79.682 0.246 1.000 1.000 38.860 27.067 25.461 225.000 70
-79.574 0.191 1.000 1.000 45.500 27.066 27.089 225.000 71
-80.304 0.718 1.000 1.000 11.481 27.076 10.076 225.000 72
-80.186 0.658 1.000 1.000 14.381 27.075 12.219 225.000 73
-80.070 0.598 1.000 1.000 17.895 27.073 14.874 225.000 74
-79.954 0.538 1.000 1.000 22.109 27.072 17.765 225.000 75
-79.841 0.480 1.000 1.000 27.045 27.071 20.663 225.000 76
-79.730 0.423 1.000 1.000 32.664 27.070 23.338 225.000 77
-79.621 0.367 1.000 1.000 38.860 27.069 25.462 225.000 78
-79.513 0.311 1.000 1.000 45.500 27.068 27.089 225.000 79
