MODEL.01
TEST MODEL
ISOTROPIC
KGS
FLAT EARTH
1-D
CONSTANT VELOCITY
LINE08
LINE09
LINE10
LINE11
H VP VS RHO QP QS ETAP ETAS FREFP FREFS
2.5 5.37 3.09 2.10 1000. 500. 0.0 0.0 1.0 1.0
2.0 5.55 3.19 2.60 1000. 500. 0.0 0.0 1.0 1.0
2.0 5.72 3.29 2.60 1000. 500. 0.0 0.0 1.0 1.0
2.0 5.89 3.39 2.60 1000. 500. 0.0 0.0 1.0 1.0
2.0 5.98 3.44 2.60 1000. 500. 0.0 0.0 1.0 1.0
4.5 6.80 3.75 2.60 1000. 500. 0.0 0.0 1.0 1.0
5.0 6.81 3.88 2.90 1000. 500. 0.0 0.0 1.0 1.0
5.0 6.95 3.94 2.90 1000. 500. 0.0 0.0 1.0 1.0
5.0 6.98 4.05 2.90 1000. 500. 0.0 0.0 1.0 1.0
5.0 7.11 4.11 3.10 1000. 500. 0.0 0.0 1.0 1.0
5.0 7.41 4.18 3.10 1000. 500. 0.0 0.0 1.0 1.0
5.0 7.69 4.30 3.10 1000. 500. 0.0 0.0 1.0 1.0
5.0 8.05 4.39 3.10 1000. 500. 0.0 0.0 1.0 1.0
10.0 8.48 4.73 3.10 1000. 500. 0.0 0.0 1.0 1.0
00.0 8.48 4.78 3.10 1000. 500. 0.0 0.0 1.0 1.0